0.8241828669087801762  0.51020844141972110375
0.56215094454786829203  0.21246986297189246473
0.93444624164555800672  0.97585985900448624086
0.051454206976531267903  0.25952940458388013001
0.72646259956663716828  0.36445204016235849265
0.89825128940702536617  0.76143681142612995583
0.85387737662892548851  0.80352183599353010912
0.95498519852290408849  0.95602282784508807456
0.71691030610065009654  0.25113681447798091861
0.37104403820917386536  0.8233283486434522791
0.59074678792687762563  0.73570970793786427677
0.9996337778862880441  0.48991363261818293706
0.53746147038178659905  0.24524674214911343362
0.85326700643940545099  0.48698385570848717885
0.75713370159001436299  0.29932554094058044791
0.51472518082216867086  0.14285714285714284921
0.53471480452894681878  0.73296304208502460753
0.90908536027100439458  0.8918424024170659159
0.43891720328379163485  0.72515030365916932631
0.34336375011444442151  0.78011413922544026178
0.92931913205359051311  0.60289315469832449601
0.2200384533219397476  0.95028534806360054343
0.027710806604205450582  0.45146031067842645745
0.3306985686819055581  0.38563188573870049725
0.2106082338938566334  0.062807092501602226897
0.13580736716818750387  0.69545579393902401399
0.17804498428296761103  0.25312051759392073524
0.93734550004577776861  0.22241889706106754421
0.65623950926236762626  0.080690939054536572894
0.34989471114230780158  0.25388348033082064337
0.88921781060213023196  0.99548326059755243289
0.97735526596881006078  0.61748100222785118341
0.97647022919400616736  0.45142979216895046113
0.70039979247413552965  0.44315927610095523503
0.71239356669820241841  0.013214514603106785121
0.48185674611651968524  0.37208166753135779592
0.083895382549516284154  0.48802148503067110941
0.095919675283059169235  0.99453718680379654682
0.082674642170476389524  0.11429181798760948419
0.6871852778710287879  0.7969298379467146809
0.98794518875698111859  0.33808404797509689077
0.56630146183660390324  0.40058595538193914054
0.77617725150303662485  0.20883816034424879104
0.14804528946806239098  0.37217322305978578489
0.81429486983855703386  0.9252906888027588872
0.43830683309427165284  0.38801232947782832161
0.49186681722464675737  0.56306649983214818178
0.97601245155186622249  0.032837916196172982353
0.94952238532670063531  0.51554918057802057163
0.63652455214087344526  0.015045625171666616657
0.55879390850550858527  0.67818231757560965001
0.20261238441114534647  0.078707235938596756264
0.3106173894466994212  0.90878017517624443133
0.1091036713766899563  0.39436017944883572373
0.76802880947294538405  0.79424420911282689328
0.26776940214239935978  0.70961638233588675284
0.73952452162236392841  0.2550126651814325629
0.37852107303079318701  0.040498062074648275011
0.32966093935972168305  0.019104586931974244096
0.63301492355113375687  0.18552201910458693268
